Entered Array: 5,3,9,1,4,6,2
Array: [5,3,9,1,4,6,2]
Mid: 3
Array: [5,3,9,1]
Mid: 1
Array: [5,3]
Mid: 0
Array: [5]
Array: [3]
-------------- [5,3]
0
0
2
false
[[[[[[[[[[[[[[[[[
2
2
true
[ 3, 5 ]
Array: [9,1]
Mid: 2
Array: [9]
Array: [1]
-------------- [9,1]
2
0
2
9
false
[[[[[[[[[[[[[[[[[
5
4
false
[ 1, 4, 9 ]
-------------- [5,3,9,1]
1
0
2
false
[[[[[[[[[[[[[[[[[
2
4
true
[ 5, 3, 9, 1 ]
Array: [4,6,2]
Mid: 5
Array: [4,6]
Mid: 4
Array: [4]
Array: [6]
-------------- [4,6]
4
0
1
false
[[[[[[[[[[[[[[[[[
5
6
true
[ 4, 6 ]
Array: [2]
-------------- [4,6,2]
5
0
2
4
6
false
[[[[[[[[[[[[[[[[[
8
7
false
[ 2, undefined, 4, 6 ]
-------------- [5,3,9,1,4,6,2]
3
0
6
9
1
false
[[[[[[[[[[[[[[[[[
8
7
false
[ 4, 5, 3, 6, 2, undefined, 9, 1 ]
